468.38951210000016
353.3895121000002
152.39295700000002
0
0
2022
11
28
19
39
44
495549
0
100
0
500
0
10000
0
100000
1
17.25
0.1
1
114.99999999999999
1
0
1100
8
0
12000
47
0
130000
260
0
1400000
1400
0
20000000
7800
0
330000000
44000
0
5100000000
260000
0
75000000000
1600000
0
1000000000000
10000000
0
14000000000000
65000000
0
170000000000000
430000000
0
2100000000000000
2900000000
0
26000000000000000
21000000000
0
310000000000000000
150000000000
0
71000000000000000000
1100000000000
0
12000000000000000000000
8300000000000
0
1900000000000000000000000
64000000000000
0
0
2022
11
28
19
37
12
97586
0
2022
11
28
19
37
12
97586
